121 1313 4.1
227 2222 9.4
121 2032 6.1
017 3131 5.8
121 4546 8.1
322 1027 6.9
017 1212 3.3
121 1313 4.1
227 2222 9.4
121 2032 6.1
017 3131 5.8
121 4546 8.1
322 1027 6.9
017 1212 3.3
121 1313 4.1
227 2222 9.4
121 2032 6.1
017 3131 5.8
121 4546 8.1
322 1027 6.9
017 1212 3.3
121 1313 4.1
227 2222 9.4
121 2032 6.1
017 3131 5.8
121 4546 8.1
322 1027 6.9
017 1212 3.3
121 1313 4.1
227 2222 9.4
121 2032 6.1
017 3131 5.8
121 4546 8.1
322 1027 6.9
017 1212 3.3
121 1313 4.1
227 2222 9.4
121 2032 6.1
017 3131 5.8
121 4546 8.1
322 1027 6.9
017 1212 3.3
121 1313 4.1
227 2222 9.4
121 2032 6.1
017 3131 5.8
121 4546 8.1
322 1027 6.9
017 1212 3.3
121 1313 4.1
227 2222 9.4
121 2032 6.1
017 3131 5.8
121 4546 8.1
322 1027 6.9
017 1212 3.3
121 1313 4.1
227 2222 9.4
121 2032 6.1
017 3131 5.8
121 4546 8.1
322 1027 6.9
017 1212 3.3
121 1313 4.1
227 2222 9.4
121 2032 6.1
017 3131 5.8
121 4546 8.1
322 1027 6.9
017 1212 3.3
121 1313 4.1
227 2222 9.4
121 2032 6.1
017 3131 5.8
121 4546 8.1
322 1027 6.9
017 1212 3.3
121 1313 4.1
227 2222 9.4
121 2032 6.1
017 3131 5.8
121 4546 8.1
322 1027 6.9
017 1212 3.3
121 1313 4.1
227 2222 9.4
121 2032 6.1
017 3131 5.8
121 4546 8.1
322 1027 6.9
017 1212 3.3
017 1212 3.3
121 1313 4.1
227 2222 9.4
121 2032 6.1
017 3131 5.8
121 4546 8.1
322 1027 6.9
017 1212 3.3
121 1313 4.1
227 2222 9.4
121 2032 6.1
017 3131 5.8
121 4546 8.1
322 1027 6.9
017 1212 3.3
121 1313 4.1
227 2222 9.4
121 2032 6.1
017 3131 5.8
121 4546 8.1
322 1027 6.9
017 1212 3.3
018 2222 3.4
